# oST version 5.0 parameters


[image]

width
640

height
480

[narrow_stereo]

camera matrix
498.077277 0.000000 308.891635
0.000000 498.075086 234.681172
0.000000 0.000000 1.000000

distortion
-0.031406 -0.040181 -0.008794 -0.006663 0.000000

rectification
1.000000 0.000000 0.000000
0.000000 1.000000 0.000000
0.000000 0.000000 1.000000

projection
487.349396 0.000000 303.605876 0.000000
0.000000 493.180115 231.273039 0.000000
0.000000 0.000000 1.000000 0.000000

